seq_length: 168
rated_capacity: 249
price_threshold: 1000
storage_type: battery-li
storage_rating: 1000
storage_duration: 2
hidden_size: 16
num_hidden: 3
fc_hidden_sizes:
- 32
- 16
epsilon: 1.0e-05
baseload_factor: 2.35765522860509
baseload_degree: 2.54029729259316
storage_factor: 1.9020088259704868
storage_degree: 2.675477344416233
storage_threshold: 689.9306796454805
price_factor: 2.095838924206796
price_degree: 2.5617506168103947
adaptive_factor: 1
adaptive_degree: 0.24373242121375155
adaptive_epoch: 8
learning_rate: 0.0001
batch_size: 8
epochs: 32
early_stop_epoch: 4
patience: 3
train_percent: 0.7
val_percent: 0.2
test_percent: 0.1
hp_search_cutoff_epoch: 10
hp_comparison_length: 8760
hp_runs: 100
