seq_length: 168
rated_capacity: 249
price_threshold: 1000
storage_type: battery-li
storage_rating: 1000
storage_duration: 2
hidden_size: 32
num_hidden: 3
fc_hidden_sizes:
- 32
- 16
epsilon: 1.0e-05
baseload_factor: 1.3181799888582577
baseload_degree: 2.103408010046103
storage_factor: 1.9362382675085879
storage_degree: 0.6274580159998284
storage_threshold: 130.49384618316128
price_factor: 2.0011689781743875
price_degree: 4.566143832608934
adaptive_factor: 1
adaptive_degree: 0.23699404449285588
adaptive_epoch: 8
learning_rate: 0.0001
batch_size: 8
epochs: 32
early_stop_epoch: 4
patience: 3
train_percent: 0.7
val_percent: 0.2
test_percent: 0.1
hp_search_cutoff_epoch: 10
hp_comparison_length: 8760
hp_runs: 100
