seq_length: 168
rated_capacity: 249
price_threshold: 1000
storage_type: battery-li
storage_rating: 1000
storage_duration: 2
hidden_size: 64
num_hidden: 3
fc_hidden_sizes:
- 64
- 32
epsilon: 1.0e-05
baseload_factor: 2.2583174532202555
baseload_degree: 2.484501732166426
storage_factor: 1.4709408445223666
storage_degree: 2.565969219351657
storage_threshold: 1715.5138341831662
price_factor: 2.3680328734791165
price_degree: 3.9573659146547033
adaptive_factor: 1
adaptive_degree: 0.16622456222771576
adaptive_epoch: 8
learning_rate: 0.0001
batch_size: 8
epochs: 32
early_stop_epoch: 4
patience: 3
train_percent: 0.7
val_percent: 0.2
test_percent: 0.1
hp_search_cutoff_epoch: 10
hp_comparison_length: 8760
hp_runs: 100
