seq_length: 168
rated_capacity: 249
price_threshold: 1000
storage_type: battery-li
storage_rating: 1000
storage_duration: 2
hidden_size: 32
num_hidden: 3
fc_hidden_sizes:
- 32
- 16
epsilon: 1.0e-05
baseload_factor: 0.053272704416850725
baseload_degree: 0.794980028976595
storage_factor: 0.48489086936267467
storage_degree: 0.49590455548657353
storage_threshold: 1319.2242258471774
price_factor: 4.778986147812769
price_degree: 0.1666629017077753
adaptive_factor: 1
adaptive_degree: 0.13678153476930602
adaptive_epoch: 8
learning_rate: 0.0001
batch_size: 8
epochs: 32
early_stop_epoch: 4
patience: 3
train_percent: 0.7
val_percent: 0.2
test_percent: 0.1
hp_search_cutoff_epoch: 10
hp_comparison_length: 8760
hp_runs: 100
