seq_length: 168
rated_capacity: 249
price_threshold: 1000
storage_type: battery-li
storage_rating: 1000
storage_duration: 2
hidden_size: 64
num_hidden: 3
fc_hidden_sizes:
- 128
- 64
epsilon: 1.0e-05
baseload_factor: 3.5824215228675165
baseload_degree: 2.468595033344795
storage_factor: 2.7015793043586163
storage_degree: 2.1722839163922627
storage_threshold: 896.240828383171
price_factor: 2.4443517829113035
price_degree: 2.381897326341254
adaptive_factor: 1
adaptive_degree: 0.2455149651454615
adaptive_epoch: 8
learning_rate: 0.0001
batch_size: 8
epochs: 32
early_stop_epoch: 4
patience: 3
train_percent: 0.7
val_percent: 0.2
test_percent: 0.1
hp_search_cutoff_epoch: 10
hp_comparison_length: 8760
hp_runs: 100
