seq_length: 168
rated_capacity: 249
price_threshold: 1000
storage_type: battery-li
storage_rating: 1000
storage_duration: 2
hidden_size: 32
num_hidden: 3
fc_hidden_sizes:
- 32
- 16
epsilon: 1.0e-05
baseload_factor: 2.509926772008188
baseload_degree: 2.61838626366164
storage_factor: 2.174736549162461
storage_degree: 0.8678104140595937
storage_threshold: 773.5491518218128
price_factor: 1.5576600295721725
price_degree: 2.0608752739837435
adaptive_factor: 1
adaptive_degree: 0.22736602246519177
adaptive_epoch: 8
learning_rate: 0.0001
batch_size: 8
epochs: 32
early_stop_epoch: 4
patience: 3
train_percent: 0.7
val_percent: 0.2
test_percent: 0.1
hp_search_cutoff_epoch: 10
hp_comparison_length: 8760
hp_runs: 100
