seq_length: 168
rated_capacity: 249
price_threshold: 1000
storage_type: battery-li
storage_rating: 1000
storage_duration: 2
hidden_size: 32
num_hidden: 3
fc_hidden_sizes:
- 32
- 16
epsilon: 1.0e-05
baseload_factor: 0.6442998468463899
baseload_degree: 2.357262779799865
storage_factor: 0.05305216088785614
storage_degree: 1.5417369146900106
storage_threshold: 1507.4384302145352
price_factor: 3.055596842921784
price_degree: 2.495363077709784
adaptive_factor: 1
adaptive_degree: 0.2449364999990113
adaptive_epoch: 8
learning_rate: 0.0001
batch_size: 8
epochs: 32
early_stop_epoch: 4
patience: 3
train_percent: 0.7
val_percent: 0.2
test_percent: 0.1
hp_search_cutoff_epoch: 10
hp_comparison_length: 8760
hp_runs: 100
