seq_length: 168
rated_capacity: 249
price_threshold: 1000
storage_type: battery-li
storage_rating: 1000
storage_duration: 2
hidden_size: 32
num_hidden: 3
fc_hidden_sizes:
- 32
- 16
epsilon: 1.0e-05
baseload_factor: 4.387280632812418
baseload_degree: 2.523299728994961
storage_factor: 1.8347381999075498
storage_degree: 3.332743952298214
storage_threshold: 1328.2383987418461
price_factor: 3.4952957102556357
price_degree: 4.395346468371635
adaptive_factor: 1
adaptive_degree: 0.17257638668454237
adaptive_epoch: 8
learning_rate: 0.0001
batch_size: 8
epochs: 32
early_stop_epoch: 4
patience: 3
train_percent: 0.7
val_percent: 0.2
test_percent: 0.1
hp_search_cutoff_epoch: 10
hp_comparison_length: 8760
hp_runs: 100
