seq_length: 168
rated_capacity: 249
price_threshold: 1000
storage_type: battery-li
storage_rating: 1000
storage_duration: 2
hidden_size: 32
num_hidden: 3
fc_hidden_sizes:
- 64
- 32
epsilon: 1.0e-05
baseload_factor: 4.5354375749701195
baseload_degree: 3.2623560556313285
storage_factor: 1.206472939127455
storage_degree: 2.2939351743137664
storage_threshold: 1376.6911106080531
price_factor: 4.339314752086481
price_degree: 2.425196027771718
adaptive_factor: 1
adaptive_degree: 0.20283120294936663
adaptive_epoch: 8
learning_rate: 0.0001
batch_size: 8
epochs: 32
early_stop_epoch: 4
patience: 3
train_percent: 0.7
val_percent: 0.2
test_percent: 0.1
hp_search_cutoff_epoch: 10
hp_comparison_length: 8760
hp_runs: 100
