seq_length: 168
rated_capacity: 249
price_threshold: 1000
storage_type: battery-li
storage_rating: 1000
storage_duration: 2
hidden_size: 32
num_hidden: 3
fc_hidden_sizes:
- 32
- 16
epsilon: 1.0e-05
baseload_factor: 3.8037518285088425
baseload_degree: 3.961074344082916
storage_factor: 1.50695962476043
storage_degree: 2.691670133865691
storage_threshold: 1858.3625284128038
price_factor: 2.854372570546909
price_degree: 3.0816467581205886
adaptive_factor: 1
adaptive_degree: 0.1627719083564203
adaptive_epoch: 8
learning_rate: 0.0001
batch_size: 8
epochs: 32
early_stop_epoch: 4
patience: 3
train_percent: 0.7
val_percent: 0.2
test_percent: 0.1
hp_search_cutoff_epoch: 10
hp_comparison_length: 8760
hp_runs: 100
