seq_length: 168
rated_capacity: 249
price_threshold: 1000
storage_type: battery-li
storage_rating: 1000
storage_duration: 2
hidden_size: 32
num_hidden: 3
fc_hidden_sizes:
- 32
- 16
epsilon: 1.0e-05
baseload_factor: 2.7853678936801938
baseload_degree: 0.17762553608095188
storage_factor: 2.9921777181716145
storage_degree: 0.7242627642649784
storage_threshold: 297.10821539345767
price_factor: 0.8938685381346217
price_degree: 4.442154822649515
adaptive_factor: 1
adaptive_degree: 0.2098107594253796
adaptive_epoch: 8
learning_rate: 0.0001
batch_size: 8
epochs: 32
early_stop_epoch: 4
patience: 3
train_percent: 0.7
val_percent: 0.2
test_percent: 0.1
hp_search_cutoff_epoch: 10
hp_comparison_length: 8760
hp_runs: 100
