seq_length: 168
rated_capacity: 249
price_threshold: 1000
storage_type: battery-li
storage_rating: 1000
storage_duration: 2
hidden_size: 32
num_hidden: 3
fc_hidden_sizes:
- 128
- 64
epsilon: 1.0e-05
baseload_factor: 2.560586317415931
baseload_degree: 3.6132280594972555
storage_factor: 1.5821057874663944
storage_degree: 2.9677190291358704
storage_threshold: 546.509085965072
price_factor: 3.3722386409534666
price_degree: 4.385528823673063
adaptive_factor: 1
adaptive_degree: 0.24485208468115985
adaptive_epoch: 8
learning_rate: 0.0001
batch_size: 8
epochs: 32
early_stop_epoch: 4
patience: 3
train_percent: 0.7
val_percent: 0.2
test_percent: 0.1
hp_search_cutoff_epoch: 10
hp_comparison_length: 8760
hp_runs: 100
