seq_length: 168
rated_capacity: 249
price_threshold: 1000
storage_type: battery-li
storage_rating: 1000
storage_duration: 2
hidden_size: 32
num_hidden: 3
fc_hidden_sizes:
- 32
- 16
epsilon: 1.0e-05
baseload_factor: 2.712276370207117
baseload_degree: 1.3382535494792207
storage_factor: 0.4502235645394215
storage_degree: 2.8728748662317876
storage_threshold: 508.39579720167904
price_factor: 3.7032681645255936
price_degree: 2.518987990608216
adaptive_factor: 1
adaptive_degree: 0.1959204017492576
adaptive_epoch: 8
learning_rate: 0.0001
batch_size: 8
epochs: 32
early_stop_epoch: 4
patience: 3
train_percent: 0.7
val_percent: 0.2
test_percent: 0.1
hp_search_cutoff_epoch: 10
hp_comparison_length: 8760
hp_runs: 100
