seq_length: 168
rated_capacity: 249
price_threshold: 1000
storage_type: battery-li
storage_rating: 1000
storage_duration: 2
hidden_size: 32
num_hidden: 3
fc_hidden_sizes:
- 32
- 16
epsilon: 1.0e-05
baseload_factor: 0.6421268171038708
baseload_degree: 2.720969451678
storage_factor: 0.04649999131094107
storage_degree: 2.0943027427790275
storage_threshold: 438.8227739904966
price_factor: 1.9568619399562304
price_degree: 0.4130979754735481
adaptive_factor: 1
adaptive_degree: 0.2474513551643508
adaptive_epoch: 8
learning_rate: 0.0001
batch_size: 8
epochs: 32
early_stop_epoch: 4
patience: 3
train_percent: 0.7
val_percent: 0.2
test_percent: 0.1
hp_search_cutoff_epoch: 10
hp_comparison_length: 8760
hp_runs: 100
