seq_length: 168
rated_capacity: 249
price_threshold: 1000
storage_type: battery-li
storage_rating: 1000
storage_duration: 2
hidden_size: 32
num_hidden: 3
fc_hidden_sizes:
- 32
- 16
epsilon: 1.0e-05
baseload_factor: 0.40294839742989164
baseload_degree: 2.9135657058425073
storage_factor: 1.8550784055829945
storage_degree: 3.9500179048705086
storage_threshold: 1655.1797304409502
price_factor: 1.52839111694224
price_degree: 2.6116252718097375
adaptive_factor: 1
adaptive_degree: 0.23873551397080722
adaptive_epoch: 8
learning_rate: 0.0001
batch_size: 8
epochs: 32
early_stop_epoch: 4
patience: 3
train_percent: 0.7
val_percent: 0.2
test_percent: 0.1
hp_search_cutoff_epoch: 10
hp_comparison_length: 8760
hp_runs: 100
