seq_length: 168
rated_capacity: 249
price_threshold: 1000
storage_type: battery-li
storage_rating: 1000
storage_duration: 2
hidden_size: 32
num_hidden: 3
fc_hidden_sizes:
- 32
- 16
epsilon: 1.0e-05
baseload_factor: 2.4786837246432505
baseload_degree: 2.314452989143272
storage_factor: 0.05020359539749253
storage_degree: 1.2894964285711379
storage_threshold: 1972.4842650871963
price_factor: 3.6854046749409037
price_degree: 1.0953620409279434
adaptive_factor: 1
adaptive_degree: 0.16146578688939023
adaptive_epoch: 8
learning_rate: 0.0001
batch_size: 8
epochs: 32
early_stop_epoch: 4
patience: 3
train_percent: 0.7
val_percent: 0.2
test_percent: 0.1
hp_search_cutoff_epoch: 10
hp_comparison_length: 8760
hp_runs: 100
