seq_length: 168
rated_capacity: 249
price_threshold: 1000
storage_type: battery-li
storage_rating: 1000
storage_duration: 2
hidden_size: 64
num_hidden: 3
fc_hidden_sizes:
- 128
- 64
epsilon: 1.0e-05
baseload_factor: 2.1811574524723207
baseload_degree: 4.597733582251749
storage_factor: 2.8359022096163597
storage_degree: 3.1749633261680303
storage_threshold: 1629.0526752257756
price_factor: 3.395606553817001
price_degree: 4.341340697451085
adaptive_factor: 1
adaptive_degree: 0.21574738598789725
adaptive_epoch: 8
learning_rate: 0.0001
batch_size: 8
epochs: 32
early_stop_epoch: 4
patience: 3
train_percent: 0.7
val_percent: 0.2
test_percent: 0.1
hp_search_cutoff_epoch: 10
hp_comparison_length: 8760
hp_runs: 100
