seq_length: 168
rated_capacity: 249
price_threshold: 1000
storage_type: battery-li
storage_rating: 1000
storage_duration: 2
hidden_size: 128
num_hidden: 3
fc_hidden_sizes:
- 64
- 32
epsilon: 1.0e-05
baseload_factor: 3.1251992973496545
baseload_degree: 3.202374118071524
storage_factor: 1.1954469282457305
storage_degree: 2.1315461572668664
storage_threshold: 1001.4339491202418
price_factor: 3.2422012024495634
price_degree: 2.785712836231788
adaptive_factor: 1
adaptive_degree: 0.1874457603515291
adaptive_epoch: 8
learning_rate: 0.0001
batch_size: 8
epochs: 32
early_stop_epoch: 4
patience: 3
train_percent: 0.7
val_percent: 0.2
test_percent: 0.1
hp_search_cutoff_epoch: 10
hp_comparison_length: 8760
hp_runs: 100
