seq_length: 168
rated_capacity: 249
price_threshold: 1000
storage_type: battery-li
storage_rating: 1000
storage_duration: 2
hidden_size: 32
num_hidden: 3
fc_hidden_sizes:
- 32
- 16
epsilon: 1.0e-05
baseload_factor: 2.99224826075636
baseload_degree: 1.1618303815346724
storage_factor: 0.7215896582071061
storage_degree: 1.4095014218343702
storage_threshold: 1095.352681153122
price_factor: 0.3896846559646183
price_degree: 0.6603460228978181
adaptive_factor: 1
adaptive_degree: 0.22629020870492156
adaptive_epoch: 8
learning_rate: 0.0001
batch_size: 8
epochs: 32
early_stop_epoch: 4
patience: 3
train_percent: 0.7
val_percent: 0.2
test_percent: 0.1
hp_search_cutoff_epoch: 10
hp_comparison_length: 8760
hp_runs: 100
