seq_length: 168
rated_capacity: 249
price_threshold: 1000
storage_type: battery-li
storage_rating: 1000
storage_duration: 2
hidden_size: 64
num_hidden: 3
fc_hidden_sizes:
- 32
- 16
epsilon: 1.0e-05
baseload_factor: 3.5549038465594966
baseload_degree: 3.706556697797007
storage_factor: 2.888539665661147
storage_degree: 3.1921062317428874
storage_threshold: 894.0170868228269
price_factor: 4.5940847360285835
price_degree: 2.6781182965779595
adaptive_factor: 1
adaptive_degree: 0.21424316623062353
adaptive_epoch: 8
learning_rate: 0.0001
batch_size: 8
epochs: 32
early_stop_epoch: 4
patience: 3
train_percent: 0.7
val_percent: 0.2
test_percent: 0.1
hp_search_cutoff_epoch: 10
hp_comparison_length: 8760
hp_runs: 100
