seq_length: 168
rated_capacity: 249
price_threshold: 1000
storage_type: battery-li
storage_rating: 1000
storage_duration: 2
hidden_size: 32
num_hidden: 3
fc_hidden_sizes:
- 32
- 16
epsilon: 1.0e-05
baseload_factor: 2.3207820572674533
baseload_degree: 0.30960754098804055
storage_factor: 0.3808774646067732
storage_degree: 3.4587383213091862
storage_threshold: 1890.352498154667
price_factor: 3.4541755715964033
price_degree: 2.2606729894074507
adaptive_factor: 1
adaptive_degree: 0.2417730686012557
adaptive_epoch: 8
learning_rate: 0.0001
batch_size: 8
epochs: 32
early_stop_epoch: 4
patience: 3
train_percent: 0.7
val_percent: 0.2
test_percent: 0.1
hp_search_cutoff_epoch: 10
hp_comparison_length: 8760
hp_runs: 100
