seq_length: 168
rated_capacity: 249
price_threshold: 1000
storage_type: battery-li
storage_rating: 1000
storage_duration: 2
hidden_size: 32
num_hidden: 3
fc_hidden_sizes:
- 32
- 16
epsilon: 1.0e-05
baseload_factor: 2.7344944278904464
baseload_degree: 0.23823726868179207
storage_factor: 2.670817370437634
storage_degree: 1.1101644578309
storage_threshold: 607.6130788249541
price_factor: 4.351998746831195
price_degree: 4.783808570096762
adaptive_factor: 1
adaptive_degree: 0.15856495116782868
adaptive_epoch: 8
learning_rate: 0.0001
batch_size: 8
epochs: 32
early_stop_epoch: 4
patience: 3
train_percent: 0.7
val_percent: 0.2
test_percent: 0.1
hp_search_cutoff_epoch: 10
hp_comparison_length: 8760
hp_runs: 100
