seq_length: 168
rated_capacity: 249
price_threshold: 1000
storage_type: battery-li
storage_rating: 1000
storage_duration: 2
hidden_size: 32
num_hidden: 3
fc_hidden_sizes:
- 32
- 16
epsilon: 1.0e-05
baseload_factor: 0.7336044913613247
baseload_degree: 1.7105944076160982
storage_factor: 1.645512329373576
storage_degree: 3.2943334167640637
storage_threshold: 44.25746963307242
price_factor: 4.258007393520616
price_degree: 1.7556507873673999
adaptive_factor: 1
adaptive_degree: 0.24335980455965156
adaptive_epoch: 8
learning_rate: 0.0001
batch_size: 8
epochs: 32
early_stop_epoch: 4
patience: 3
train_percent: 0.7
val_percent: 0.2
test_percent: 0.1
hp_search_cutoff_epoch: 10
hp_comparison_length: 8760
hp_runs: 100
