seq_length: 168
rated_capacity: 249
price_threshold: 1000
storage_type: battery-li
storage_rating: 1000
storage_duration: 2
hidden_size: 32
num_hidden: 3
fc_hidden_sizes:
- 128
- 64
epsilon: 1.0e-05
baseload_factor: 4.132189518889027
baseload_degree: 4.848291234233889
storage_factor: 1.6437585418486058
storage_degree: 2.489460908658521
storage_threshold: 589.6933452494178
price_factor: 3.072084419684968
price_degree: 4.020410191913789
adaptive_factor: 1
adaptive_degree: 0.21220725510197627
adaptive_epoch: 8
learning_rate: 0.0001
batch_size: 8
epochs: 32
early_stop_epoch: 4
patience: 3
train_percent: 0.7
val_percent: 0.2
test_percent: 0.1
hp_search_cutoff_epoch: 10
hp_comparison_length: 8760
hp_runs: 100
