seq_length: 168
rated_capacity: 249
price_threshold: 1000
storage_type: battery-li
storage_rating: 1000
storage_duration: 2
hidden_size: 16
num_hidden: 3
fc_hidden_sizes:
- 128
- 64
epsilon: 1.0e-05
baseload_factor: 3.642001630752106
baseload_degree: 2.921530432127565
storage_factor: 1.8282987956054264
storage_degree: 2.562462862816359
storage_threshold: 763.3933020589012
price_factor: 3.1018950860603978
price_degree: 3.6214183415798127
adaptive_factor: 1
adaptive_degree: 0.1582776743549686
adaptive_epoch: 8
learning_rate: 0.0001
batch_size: 8
epochs: 32
early_stop_epoch: 4
patience: 3
train_percent: 0.7
val_percent: 0.2
test_percent: 0.1
hp_search_cutoff_epoch: 10
hp_comparison_length: 8760
hp_runs: 100
