seq_length: 168
rated_capacity: 249
price_threshold: 1000
storage_type: battery-li
storage_rating: 1000
storage_duration: 2
hidden_size: 32
num_hidden: 3
fc_hidden_sizes:
- 32
- 16
epsilon: 1.0e-05
baseload_factor: 2.9267738699006856
baseload_degree: 1.527813642520727
storage_factor: 0.6702762555035874
storage_degree: 0.415298368033969
storage_threshold: 616.850874503819
price_factor: 2.4098963807587506
price_degree: 0.44154221972303676
adaptive_factor: 1
adaptive_degree: 0.21732864489213066
adaptive_epoch: 8
learning_rate: 0.0001
batch_size: 8
epochs: 32
early_stop_epoch: 4
patience: 3
train_percent: 0.7
val_percent: 0.2
test_percent: 0.1
hp_search_cutoff_epoch: 10
hp_comparison_length: 8760
hp_runs: 100
