seq_length: 168
rated_capacity: 249
price_threshold: 1000
storage_type: battery-li
storage_rating: 1000
storage_duration: 2
hidden_size: 16
num_hidden: 3
fc_hidden_sizes:
- 64
- 32
epsilon: 1.0e-05
baseload_factor: 3.3948823263033763
baseload_degree: 2.516643876144818
storage_factor: 2.6701559586659207
storage_degree: 3.8510722414342022
storage_threshold: 1047.021427040186
price_factor: 2.3036988830088445
price_degree: 3.890447459684725
adaptive_factor: 1
adaptive_degree: 0.15417894268740687
adaptive_epoch: 8
learning_rate: 0.0001
batch_size: 8
epochs: 32
early_stop_epoch: 4
patience: 3
train_percent: 0.7
val_percent: 0.2
test_percent: 0.1
hp_search_cutoff_epoch: 10
hp_comparison_length: 8760
hp_runs: 100
