seq_length: 168
rated_capacity: 249
price_threshold: 1000
storage_type: battery-li
storage_rating: 1000
storage_duration: 2
hidden_size: 16
num_hidden: 3
fc_hidden_sizes:
- 32
- 16
epsilon: 1.0e-05
baseload_factor: 3.1629257316212245
baseload_degree: 4.617966693984682
storage_factor: 1.3830611523995215
storage_degree: 2.796978414377846
storage_threshold: 1173.0959235076527
price_factor: 2.0352787441285742
price_degree: 3.5937528604097646
adaptive_factor: 1
adaptive_degree: 0.16280935169558447
adaptive_epoch: 8
learning_rate: 0.0001
batch_size: 8
epochs: 32
early_stop_epoch: 4
patience: 3
train_percent: 0.7
val_percent: 0.2
test_percent: 0.1
hp_search_cutoff_epoch: 10
hp_comparison_length: 8760
hp_runs: 100
