seq_length: 168
rated_capacity: 249
price_threshold: 1000
storage_type: battery-li
storage_rating: 1000
storage_duration: 2
hidden_size: 32
num_hidden: 3
fc_hidden_sizes:
- 32
- 16
epsilon: 1.0e-05
baseload_factor: 2.832497595409473
baseload_degree: 0.9243589689667384
storage_factor: 0.8839935152620776
storage_degree: 3.5264868350104814
storage_threshold: 956.9595464810958
price_factor: 2.7732840038853954
price_degree: 0.498841769346528
adaptive_factor: 1
adaptive_degree: 0.15988012639823873
adaptive_epoch: 8
learning_rate: 0.0001
batch_size: 8
epochs: 32
early_stop_epoch: 4
patience: 3
train_percent: 0.7
val_percent: 0.2
test_percent: 0.1
hp_search_cutoff_epoch: 10
hp_comparison_length: 8760
hp_runs: 100
