seq_length: 168
rated_capacity: 249
price_threshold: 1000
storage_type: battery-li
storage_rating: 1000
storage_duration: 2
hidden_size: 32
num_hidden: 3
fc_hidden_sizes:
- 32
- 16
epsilon: 1.0e-05
baseload_factor: 2.4551687454820743
baseload_degree: 2.9560437590526076
storage_factor: 1.508170381436563
storage_degree: 2.9906468407040365
storage_threshold: 1524.4681586339273
price_factor: 4.471927130864379
price_degree: 2.1167988691941364
adaptive_factor: 1
adaptive_degree: 0.12567893774474462
adaptive_epoch: 8
learning_rate: 0.0001
batch_size: 8
epochs: 32
early_stop_epoch: 4
patience: 3
train_percent: 0.7
val_percent: 0.2
test_percent: 0.1
hp_search_cutoff_epoch: 10
hp_comparison_length: 8760
hp_runs: 100
