seq_length: 168
rated_capacity: 249
price_threshold: 1000
storage_type: battery-li
storage_rating: 1000
storage_duration: 2
hidden_size: 64
num_hidden: 3
fc_hidden_sizes:
- 64
- 32
epsilon: 1.0e-05
baseload_factor: 2.772341494136605
baseload_degree: 3.519105128748123
storage_factor: 2.074304820769709
storage_degree: 3.4381416538365412
storage_threshold: 622.8651766402133
price_factor: 3.33025430108177
price_degree: 3.6331685732505035
adaptive_factor: 1
adaptive_degree: 0.2073139876873592
adaptive_epoch: 8
learning_rate: 0.0001
batch_size: 8
epochs: 32
early_stop_epoch: 4
patience: 3
train_percent: 0.7
val_percent: 0.2
test_percent: 0.1
hp_search_cutoff_epoch: 10
hp_comparison_length: 8760
hp_runs: 100
