seq_length: 168
rated_capacity: 249
price_threshold: 1000
storage_type: battery-li
storage_rating: 1000
storage_duration: 2
hidden_size: 64
num_hidden: 3
fc_hidden_sizes:
- 128
- 64
epsilon: 1.0e-05
baseload_factor: 2.3444275823792817
baseload_degree: 4.8416253402270994
storage_factor: 2.096433923440477
storage_degree: 2.014399319773589
storage_threshold: 720.6378741305055
price_factor: 2.5227813700114385
price_degree: 4.813525167944819
adaptive_factor: 1
adaptive_degree: 0.218527766420892
adaptive_epoch: 8
learning_rate: 0.0001
batch_size: 8
epochs: 32
early_stop_epoch: 4
patience: 3
train_percent: 0.7
val_percent: 0.2
test_percent: 0.1
hp_search_cutoff_epoch: 10
hp_comparison_length: 8760
hp_runs: 100
