seq_length: 168
rated_capacity: 249
price_threshold: 1000
storage_type: battery-li
storage_rating: 1000
storage_duration: 2
hidden_size: 128
num_hidden: 3
fc_hidden_sizes:
- 128
- 64
epsilon: 1.0e-05
baseload_factor: 2.960060602855959
baseload_degree: 2.6142183217094765
storage_factor: 1.2051126280824949
storage_degree: 2.727715901742599
storage_threshold: 1763.8565201815136
price_factor: 2.9794745144305708
price_degree: 4.59992271093555
adaptive_factor: 1
adaptive_degree: 0.24138880696549098
adaptive_epoch: 8
learning_rate: 0.0001
batch_size: 8
epochs: 32
early_stop_epoch: 4
patience: 3
train_percent: 0.7
val_percent: 0.2
test_percent: 0.1
hp_search_cutoff_epoch: 10
hp_comparison_length: 8760
hp_runs: 100
