seq_length: 168
rated_capacity: 249
price_threshold: 1000
storage_type: battery-li
storage_rating: 1000
storage_duration: 2
hidden_size: 32
num_hidden: 3
fc_hidden_sizes:
- 32
- 16
epsilon: 1.0e-05
baseload_factor: 1.5645923472292522
baseload_degree: 0.6303115794078374
storage_factor: 2.4143844531559564
storage_degree: 1.0384545194724097
storage_threshold: 109.66858848499284
price_factor: 2.8022902103943186
price_degree: 4.281556428283639
adaptive_factor: 1
adaptive_degree: 0.24738017158145392
adaptive_epoch: 8
learning_rate: 0.0001
batch_size: 8
epochs: 32
early_stop_epoch: 4
patience: 3
train_percent: 0.7
val_percent: 0.2
test_percent: 0.1
hp_search_cutoff_epoch: 10
hp_comparison_length: 8760
hp_runs: 100
