seq_length: 168
rated_capacity: 249
price_threshold: 1000
storage_type: battery-li
storage_rating: 1000
storage_duration: 2
hidden_size: 32
num_hidden: 3
fc_hidden_sizes:
- 32
- 16
epsilon: 1.0e-05
baseload_factor: 2.9991710807055854
baseload_degree: 3.527986610264262
storage_factor: 2.394261166695538
storage_degree: 2.6777036278790476
storage_threshold: 1036.76992062529
price_factor: 2.1336141053058264
price_degree: 4.497657114992548
adaptive_factor: 1
adaptive_degree: 0.22658882717505505
adaptive_epoch: 8
learning_rate: 0.0001
batch_size: 8
epochs: 32
early_stop_epoch: 4
patience: 3
train_percent: 0.7
val_percent: 0.2
test_percent: 0.1
hp_search_cutoff_epoch: 10
hp_comparison_length: 8760
hp_runs: 100
