seq_length: 168
rated_capacity: 249
price_threshold: 1000
storage_type: battery-li
storage_rating: 1000
storage_duration: 2
hidden_size: 32
num_hidden: 3
fc_hidden_sizes:
- 64
- 32
epsilon: 1.0e-05
baseload_factor: 2.95868441283098
baseload_degree: 4.752927635234084
storage_factor: 2.6747844662567877
storage_degree: 3.137196500577417
storage_threshold: 1966.9270699847993
price_factor: 3.434932282767112
price_degree: 3.6273999627407076
adaptive_factor: 1
adaptive_degree: 0.1497929794030761
adaptive_epoch: 8
learning_rate: 0.0001
batch_size: 8
epochs: 32
early_stop_epoch: 4
patience: 3
train_percent: 0.7
val_percent: 0.2
test_percent: 0.1
hp_search_cutoff_epoch: 10
hp_comparison_length: 8760
hp_runs: 100
