seq_length: 168
rated_capacity: 249
price_threshold: 1000
storage_type: battery-li
storage_rating: 1000
storage_duration: 2
hidden_size: 64
num_hidden: 3
fc_hidden_sizes:
- 64
- 32
epsilon: 1.0e-05
baseload_factor: 2.0245307685251275
baseload_degree: 4.018596648793083
storage_factor: 2.3023566857419118
storage_degree: 3.285526308002153
storage_threshold: 1964.2388856632167
price_factor: 4.166868730566149
price_degree: 4.039061750067633
adaptive_factor: 1
adaptive_degree: 0.2094414852312364
adaptive_epoch: 8
learning_rate: 0.0001
batch_size: 8
epochs: 32
early_stop_epoch: 4
patience: 3
train_percent: 0.7
val_percent: 0.2
test_percent: 0.1
hp_search_cutoff_epoch: 10
hp_comparison_length: 8760
hp_runs: 100
