seq_length: 168
rated_capacity: 249
price_threshold: 1000
storage_type: battery-li
storage_rating: 1000
storage_duration: 2
hidden_size: 32
num_hidden: 3
fc_hidden_sizes:
- 32
- 16
epsilon: 1.0e-05
baseload_factor: 2.4272550186554938
baseload_degree: 0.9143266641194913
storage_factor: 0.21468673781917047
storage_degree: 2.7203507241620333
storage_threshold: 1523.00306418032
price_factor: 4.34389267839978
price_degree: 1.2964484670307097
adaptive_factor: 1
adaptive_degree: 0.16916918505190368
adaptive_epoch: 8
learning_rate: 0.0001
batch_size: 8
epochs: 32
early_stop_epoch: 4
patience: 3
train_percent: 0.7
val_percent: 0.2
test_percent: 0.1
hp_search_cutoff_epoch: 10
hp_comparison_length: 8760
hp_runs: 100
