seq_length: 168
rated_capacity: 249
price_threshold: 1000
storage_type: battery-li
storage_rating: 1000
storage_duration: 2
hidden_size: 64
num_hidden: 3
fc_hidden_sizes:
- 32
- 16
epsilon: 1.0e-05
baseload_factor: 3.307027068861924
baseload_degree: 4.149962792263791
storage_factor: 2.7944139056305124
storage_degree: 3.5539952659406344
storage_threshold: 602.2118407399141
price_factor: 2.3419394950279573
price_degree: 2.6746674570722204
adaptive_factor: 1
adaptive_degree: 0.12966182028304762
adaptive_epoch: 8
learning_rate: 0.0001
batch_size: 8
epochs: 32
early_stop_epoch: 4
patience: 3
train_percent: 0.7
val_percent: 0.2
test_percent: 0.1
hp_search_cutoff_epoch: 10
hp_comparison_length: 8760
hp_runs: 100
