seq_length: 168
rated_capacity: 249
price_threshold: 1000
storage_type: battery-li
storage_rating: 1000
storage_duration: 2
hidden_size: 32
num_hidden: 3
fc_hidden_sizes:
- 128
- 64
epsilon: 1.0e-05
baseload_factor: 3.379214453767029
baseload_degree: 2.9527201928461193
storage_factor: 1.4416047012241724
storage_degree: 3.2071643544479693
storage_threshold: 768.7638210325727
price_factor: 4.14745458444104
price_degree: 3.3180690002689515
adaptive_factor: 1
adaptive_degree: 0.19887330386276647
adaptive_epoch: 8
learning_rate: 0.0001
batch_size: 8
epochs: 32
early_stop_epoch: 4
patience: 3
train_percent: 0.7
val_percent: 0.2
test_percent: 0.1
hp_search_cutoff_epoch: 10
hp_comparison_length: 8760
hp_runs: 100
