seq_length: 168
rated_capacity: 249
price_threshold: 1000
storage_type: battery-li
storage_rating: 1000
storage_duration: 2
hidden_size: 32
num_hidden: 3
fc_hidden_sizes:
- 32
- 16
epsilon: 1.0e-05
baseload_factor: 1.4166938348661797
baseload_degree: 1.8061764053833955
storage_factor: 2.004469984950659
storage_degree: 3.370531913467743
storage_threshold: 459.9805823811156
price_factor: 4.48738609235366
price_degree: 3.096921211519975
adaptive_factor: 1
adaptive_degree: 0.23847719450653299
adaptive_epoch: 8
learning_rate: 0.0001
batch_size: 8
epochs: 32
early_stop_epoch: 4
patience: 3
train_percent: 0.7
val_percent: 0.2
test_percent: 0.1
hp_search_cutoff_epoch: 10
hp_comparison_length: 8760
hp_runs: 100
