seq_length: 168
rated_capacity: 249
price_threshold: 1000
storage_type: battery-li
storage_rating: 1000
storage_duration: 2
hidden_size: 32
num_hidden: 3
fc_hidden_sizes:
- 32
- 16
epsilon: 1.0e-05
baseload_factor: 2.9513269415893357
baseload_degree: 0.3634667121564277
storage_factor: 0.7507898277575595
storage_degree: 0.5071958966844949
storage_threshold: 238.49050752348688
price_factor: 3.8929264398318453
price_degree: 2.190291123302146
adaptive_factor: 1
adaptive_degree: 0.14347481345483398
adaptive_epoch: 8
learning_rate: 0.0001
batch_size: 8
epochs: 32
early_stop_epoch: 4
patience: 3
train_percent: 0.7
val_percent: 0.2
test_percent: 0.1
hp_search_cutoff_epoch: 10
hp_comparison_length: 8760
hp_runs: 100
