seq_length: 168
rated_capacity: 249
price_threshold: 1000
storage_type: battery-li
storage_rating: 1000
storage_duration: 2
hidden_size: 32
num_hidden: 3
fc_hidden_sizes:
- 32
- 16
epsilon: 1.0e-05
baseload_factor: 1.9624315295441508
baseload_degree: 0.7890332251320427
storage_factor: 1.897516972617661
storage_degree: 2.662163492071655
storage_threshold: 1985.195350794718
price_factor: 4.914051839495848
price_degree: 3.5628127125223212
adaptive_factor: 1
adaptive_degree: 0.231719147793069
adaptive_epoch: 8
learning_rate: 0.0001
batch_size: 8
epochs: 32
early_stop_epoch: 4
patience: 3
train_percent: 0.7
val_percent: 0.2
test_percent: 0.1
hp_search_cutoff_epoch: 10
hp_comparison_length: 8760
hp_runs: 100
