seq_length: 168
rated_capacity: 249
price_threshold: 1000
storage_type: battery-li
storage_rating: 1000
storage_duration: 2
hidden_size: 32
num_hidden: 3
fc_hidden_sizes:
- 32
- 16
epsilon: 1.0e-05
baseload_factor: 0.06594754535212444
baseload_degree: 1.4861250732062035
storage_factor: 1.5049134682680338
storage_degree: 0.9272005500892511
storage_threshold: 14.562411422996968
price_factor: 3.5091449915013895
price_degree: 0.8954750921870708
adaptive_factor: 1
adaptive_degree: 0.20746705259072806
adaptive_epoch: 8
learning_rate: 0.0001
batch_size: 8
epochs: 32
early_stop_epoch: 4
patience: 3
train_percent: 0.7
val_percent: 0.2
test_percent: 0.1
hp_search_cutoff_epoch: 10
hp_comparison_length: 8760
hp_runs: 100
